time,erro_modelo
9331.0,0.0
9332.0,0.04499247594509126
9333.0,0.06284962594509125
9334.0,0.06031252160900119
9335.0,0.0324327832553101
9336.0,0.02800830067131041
9337.0,0.022199574718208326
9338.0,0.03402280731830595
9339.0,0.03782418087356568
9340.0,0.03416344240539551
9341.0,0.032085594686203006
9342.0,0.005258623370857252
9343.0,0.025225117045974743
9344.0,0.011167723545761121
9345.0,0.02367670475509645
9346.0,0.044282284530334476
9347.0,0.045338583143882755
9348.0,0.03578197880420686
9349.0,0.016645181784362806
9350.0,0.024109717598228442
9351.0,0.031297623354530346
9352.0,0.028854667383766158
9353.0,0.008030313858718885
9354.0,0.004064693290328991
9355.0,0.03373317703372955
9356.0,0.0176507951342392
9357.0,0.009236290294265759
9358.0,0.00014547645118712094
9359.0,0.01920644863281251
9360.0,0.013072740426330526
9361.0,0.0010809443775177119
9362.0,0.002650425594711292
9363.0,0.022191267600326525
9364.0,0.02146239220169066
9365.0,0.009584013232917826
9366.0,0.012026724370651248
9367.0,0.024394169449806213
9368.0,0.03502378150588989
9369.0,0.01829909995429993
9370.0,0.011094643909072888
9371.0,0.023086515220336917
9372.0,0.03559251129627228
9373.0,0.0568794168647766
9375.0,0.059051723044776905
9376.0,0.04925373479492187
9377.0,0.057106927793884266
9378.0,0.06494269133541108
9380.0,0.07754473312530519
9381.0,0.06568243741062163
9382.0,0.036848085967369076
9383.0,0.06214262186553954
9384.0,0.07881168738239289
9385.0,0.08690094947814939
9386.0,0.051702085742683423
9387.0,0.036665323225326535
9388.0,0.0409911452210617
9389.0,0.04574956282741546
9390.0,0.05856180266704558
9391.0,0.07037911177608491
9392.0,0.07267842055294035
9393.0,0.06713630334701537
9394.0,0.06359146818286895
9395.0,0.07970984355773925
9396.0,0.09718768657180786
9397.0,0.10632200897666934
9398.0,0.10694890544977187
9399.0,0.11744088010158538
9400.0,0.1290644191321373
9401.0,0.15026263506147386
9402.0,0.15330497996177672
9403.0,0.17305731759402276
9404.0,0.17336193175282477
9405.0,0.17263635530836105
9406.0,0.1713611539453268
9407.0,0.18754141129321575
9408.0,0.19367079952499985
9409.0,0.20701921795256584
9411.0,0.20109078710667014
9412.0,0.19842392652063787
9413.0,0.18218158464878798
9414.0,0.18738327064778804
9415.0,0.177927963295908
9416.0,0.14572173432674407
9417.0,0.11172323956853868
9418.0,0.09747443423833846
9419.0,0.07852472440567013
9420.0,0.0543224988854599
9421.0,0.04104256912834167
9422.0,0.028431224671669003
9423.0,0.018760251847572323
9424.0,0.00401300474769592
9425.0,0.032346334448127706
9426.0,0.0257130301091385
9427.0,0.030893239984245313
9428.0,0.029794112604522693
9429.0,0.046604622015686076
9430.0,0.05252924920055391
9431.0,0.037966939655609155
9432.0,0.0299406498670578
9433.0,0.020440575631790164
9434.0,0.03673090323574066
9435.0,0.05240401984188081
9436.0,0.04912804425689696
9437.0,0.018198147416114807
9438.0,0.013618379831314087
9439.0,0.009239092469215393
9440.0,0.0063510090112686435
9441.0,0.02212815062370299
9442.0,0.01213676020271301
9443.0,0.006029817310638397
9444.0,0.005414101330108639
9445.0,0.012767822307014426
9446.0,0.007446780800819397
9449.0,0.03213779703941344
9450.0,0.016030162572860718
9451.0,0.0268573938286972
9452.0,0.03782636002864839
9453.0,0.049268666515083326
9454.0,0.0608464443590927
9455.0,0.05421373606655122
9456.0,0.04636181966629027
9457.0,0.03736670598155972
9458.0,0.04463327006664278
9459.0,0.03198592647678372
9460.0,0.025738212314910885
9461.0,0.01598833784229281
9462.0,0.00322480782634732
9463.0,0.020515978336334256
9464.0,0.02658806458347321
9465.0,0.04136563554637909
9466.0,0.04524280800256729
9467.0,0.06293371036880493
9468.0,0.07267524302005768
9469.0,0.07027457937366485
9470.0,0.035313159227371216
9471.0,0.012517917004890439
9472.0,0.050015419721603394
9473.0,0.10354337379104608
9474.0,0.13773510142929082
9475.0,0.14671039581298828
9476.0,0.1468484103679657
9477.0,0.1413588552153778
9478.0,0.12688000575866698
9479.0,0.10895394147369386
9480.0,0.083390448102684
9481.0,0.0537569381412506
9482.0,0.06134356199768062
9483.0,0.07540108187828065
9484.0,0.1225283294916153
9485.0,0.18155130461090088
9486.0,0.30020585373275765
9487.0,0.4436909399810791
9488.0,0.5876892478787231
9489.0,0.6731770904385376
9490.0,0.7512445336672974
9491.0,0.8016304969787598
9493.0,0.7886582343257141
9494.0,0.7934394382219848
9495.0,0.7763504732260437
9496.0,0.7195932615408629
9497.0,0.6512391317496032
9498.0,0.5665084123611441
9499.0,0.4898535013198844
9500.0,0.4197848737239829
9501.0,0.377662847163147
9502.0,0.3274760938901367
9503.0,0.29421381510910033
9504.0,0.2503634638804856
9505.0,0.23299313940223693
9506.0,0.20630169880575558
9507.0,0.18693240469786834
9508.0,0.1356876607367401
9509.0,0.08553297251926423
9510.0,0.05329652696384429
9511.0,0.012498437601661694
9512.0,0.01895911915931703
9513.0,0.03293354526393891
9514.0,0.0653306104358673
9515.0,0.0892481321003723
9516.0,0.10372875555191041
9517.0,0.10836879833374026
9519.0,0.07935745551950454
9520.0,0.07223682105541228
9521.0,0.09109092579450606
9522.0,0.09939906359645846
9523.0,0.10577226071622846
9524.0,0.09332706392738344
9525.0,0.09060708046886447
9526.0,0.08922607065174107
9527.0,0.08079907373752594
9528.0,0.09143112213346481
9529.0,0.10204636692073821
9530.0,0.09387582154008867
9531.0,0.09401994557115556
9532.0,0.10370459794071196
9533.0,0.11494373454484941
9534.0,0.10969099788930892
9535.0,0.11395444362428662
9536.0,0.10017628298368453
9537.0,0.0948040588176918
9537.0,0.0948040588176918
9538.0,0.09765603676206587
9539.0,0.11804143697950364
9540.0,0.1286683419254112
9541.0,0.1288459041621971
9542.0,0.1364622704568863
9543.0,0.12557656704452513
9544.0,0.12339146076705931
9545.0,0.12084856270816803
9546.0,0.10960875810119629
9547.0,0.10755256921979905
9548.0,0.0974125869688034
9549.0,0.08902574613458632
9550.0,0.08278634399175644
9551.0,0.09680405542022703
9552.0,0.10331866428024292
9553.0,0.1276485508773041
9554.0,0.14201561002996443
9555.0,0.14601561068561553
9556.0,0.157687223691082
9557.0,0.18653628512985232
9558.0,0.17929629981517792
9559.0,0.1630794249359131
9560.0,0.1291787429130745
9561.0,0.12206388264894485
9562.0,0.1147368894540596
9563.0,0.10697752906713487
9564.0,0.12539880350232124
9565.0,0.18782398104667664
9566.0,0.2587833358324242
9567.0,0.28555642964773176
9568.0,0.321948940900631
9569.0,0.3236469393945408
9570.0,0.34384101850457194
9571.0,0.31983833387494087
9572.0,0.3137248130165863
9573.0,0.3434338526219177
9574.0,0.4005674487329197
9575.0,0.45821814611554146
9576.0,0.5155053443743229
9577.0,0.5626845410211277
9578.0,0.5904357470571995
9579.0,0.5905848294496536
9580.0,0.5908931121230125
9581.0,0.6183976704137134
9582.0,0.6460658952130318
9583.0,0.6911094723386956
9584.0,0.6993141031473827
9585.0,0.680060135747652
9586.0,0.6600365519987106
9587.0,0.6302530101150227
9588.0,0.6174616566045475
9589.0,0.5947879062384415
9590.0,0.5359508419291782
9591.0,0.45087696169481273
9592.0,0.3841141900397015
9593.0,0.3272348598927307
9594.0,0.2983491839491653
9595.0,0.27911478432350156
9596.0,0.24253220856189728
9597.0,0.1884381054318619
9598.0,0.152787897875576
9599.0,0.14386830837461473
9600.0,0.1251888899481964
9601.0,0.12268904879457473
9602.0,0.10090248003833771
9603.0,0.08771227224502563
9604.0,0.06608080477449418
9605.0,0.06221913159820559
9606.0,0.06596372663047789
9607.0,0.05906164287593842
9608.0,0.060472003358936335
9609.0,0.03579045445653917
9610.0,0.021854766469860065
9611.0,0.0008143708109855513
9612.0,0.010112055024337735
9613.0,0.0026602596044540405
9614.0,0.0037806332111358365
9615.0,0.004264190793037387
9616.0,0.0036982297897338867
9617.0,0.0062575219548416106
9618.0,0.00180034339427948
9619.0,0.0013599246740341187
9620.0,0.0018507540225982666
9621.0,0.012004025658798212
9622.0,0.0048190979636383025
9623.0,0.00395293816692352
9624.0,0.011964575212860096
9625.0,0.010161445301437366
9626.0,0.0011865319334793123
9627.0,0.012367963790893555
9628.0,0.02276397534294128
9629.0,0.014616131782531738
9630.0,0.0066865207278060945
9631.0,0.017052441835403442
9632.0,0.01824118196964264
9633.0,0.027780644973945612
9634.0,0.02742109485549926
9635.0,0.034266268904342645
9636.0,0.04037212193939209
9637.0,0.029561718995704644
9638.0,0.037738997349472045
9639.0,0.037973228702278136
9640.0,0.029246022994651788
9641.0,0.028977742488517755
9642.0,0.01951029189510345
9643.0,0.01921736486835479
9644.0,0.06528512350635529
9645.0,0.07677674293518064
9646.0,0.06330352455841065
9647.0,0.05959444879558566
9648.0,0.08211255780773166
9649.0,0.1126103457762146
9650.0,0.12441737608403014
9651.0,0.12672991709202575
9652.0,0.12739674405545043
9653.0,0.10784656092292785
9654.0,0.10411182328826904
9655.0,0.099884021130867
9656.0,0.0964716403163147
9657.0,0.11340196089237975
9658.0,0.12308469556156158
9659.0,0.11601361290901946
9660.0,0.11824021892041015
9661.0,0.10207769557601928
9662.0,0.12168885426014708
9663.0,0.14214501309209443
9664.0,0.16303402185439977
9665.0,0.19212831415351866
9666.0,0.18486499262041473
9667.0,0.16886675357818517
9668.0,0.17220652103423983
9669.0,0.1865282405028076
9670.0,0.18505163490772158
9671.0,0.183988104402092
9672.0,0.15548113554252624
9673.0,0.17095529691666406
9674.0,0.20368529373314667
9675.0,0.2361394263524475
9676.0,0.20498857426457975
9677.0,0.18977009908646394
9678.0,0.1628011465072632
9679.0,0.16036422550678253
9680.0,0.1565893441438675
9681.0,0.16203391834861755
9682.0,0.14936164021492004
9683.0,0.13598378709869385
9684.0,0.1123545730021286
9685.0,0.08999465971721649
9686.0,0.09736140430900574
9687.0,0.11689374775157929
9688.0,0.11048955856826785
9689.0,0.10365158678028107
9690.0,0.07833553850650787
9691.0,0.07918186485767365
9692.0,0.0710049839340973
9693.0,0.08986363597793579
9694.0,0.09968387156261443
9695.0,0.09964058368934631
9696.0,0.08030405640602112
9697.0,0.06911742404335025
9698.0,0.05775535030994414
9699.0,0.06411829307907105
9700.0,0.04327012239959718
9701.0,0.022352934640312183
9702.0,0.019718096416854874
9703.0,0.02728844047519685
9704.0,0.02709669233295442
9705.0,0.03754144548442839
9706.0,0.040089603653221145
9707.0,0.01612472817070007
9708.0,0.0186069934046936
9709.0,0.030034453433418262
9710.0,0.05923986359272007
9711.0,0.061817362147903454
9712.0,0.04651920855972291
9713.0,0.04746218384239201
9714.0,0.0374106623348236
9715.0,0.02485646590358731
9716.0,0.019905987230606076
9717.0,0.014219435898132321
9718.0,0.010299461928672787
9719.0,0.026733697217369068
9720.0,0.03393325285282134
9721.0,0.013397094758682254
9722.0,0.00837352513339995
9723.0,0.012557580310440075
9724.0,0.031091585755348206
9727.0,0.00674229784641267
9728.0,0.004098836192817701
9729.0,0.014567162981300341
9730.0,0.033823308499984744
9731.0,0.007814261922569288
9732.0,0.01848462224006653
9733.0,0.008099419029884342
9734.0,0.00512604132526398
9735.0,0.0006797732435989412
9736.0,0.0035433201468658415
9737.0,0.00609912261135101
9738.0,0.01094317719108584
9739.0,0.01063528939849856
9740.0,0.011086451855964685
9741.0,0.0125693558133316
9742.0,0.01535949393875119
9743.0,0.02906175033416747
9744.0,0.034664229315185535
9745.0,0.07521775081985474
9746.0,0.0787113876663971
9747.0,0.08029494896762848
9748.0,0.08101755097740174
9749.0,0.06400319575336455
9750.0,0.047581107180976856
9751.0,0.04816317633953093
9752.0,0.046853677194976795
9753.0,0.06213450073268889
9754.0,0.06805418356094362
9755.0,0.08334793150424954
9756.0,0.09971493048370361
9757.0,0.11669707449607847
9758.0,0.09807496828735351
9759.0,0.07025353327625275
9760.0,0.051497977366714465
9761.0,0.032403097313308704
9762.0,0.05764287634525303
9763.0,0.073699951171875
9764.0,0.08957396013439178
9765.0,0.0694115608930588
9766.0,0.03192241848442082
9767.0,0.03999247788455959
9768.0,0.049524023372268744
9769.0,0.08669253749549868
9770.0,0.07050274312496185
9771.0,0.06303187921875
9772.0,0.06481413260334015
9773.0,0.06724776044719696
9774.0,0.08764602526790621
9775.0,0.10837891546554568
9776.0,0.10227158231437686
9777.0,0.09542371615535739
9778.0,0.08788050711154938
9779.0,0.08030104354255677
9780.0,0.10017217978603368
9781.0,0.09450018405914307
9782.0,0.09908092021942139
9783.0,0.08706718607578279
9784.0,0.10418398395412445
9785.0,0.11511064782970429
9786.0,0.14673615529901507
9787.0,0.16191888883478167
9788.0,0.18615367574394226
9789.0,0.19116422071821215
9790.0,0.19417010992765427
9791.0,0.22154219386876106
9792.0,0.22959259090722084
9793.0,0.21900503896176815
9794.0,0.19852258092728137
9795.0,0.1859575163688898
9796.0,0.20017335643056156
9799.0,0.22439671764154612
9800.0,0.22618972011846183
9801.0,0.22444696645256756
9802.0,0.22706825862411262
9803.0,0.22460370227926255
9804.0,0.20743147000902176
9805.0,0.184678827377491
9806.0,0.13039699555370332
9807.0,0.09204329625930784
9808.0,0.08175240098503112
9809.0,0.08491630852222445
9810.0,0.07571447178489688
9811.0,0.06319283231861117
9812.0,0.038471546920471195
9813.0,0.027128338057136575
9814.0,0.01002067686054231
9815.0,0.0218701028731155
9816.0,0.024692844739227282
9817.0,0.04362296775215149
9818.0,0.04223064795368195
9819.0,0.029863699514007552
9820.0,0.017490249266891522
9821.0,0.041779488325119046
9822.0,0.04076369106769559
9823.0,0.049050855485267636
9824.0,0.030359518679313663
9825.0,0.0200814895215988
9826.0,0.01893876417312626
9827.0,0.027173188480071997
9828.0,0.05396239025295255
9829.0,0.06406305579013827
9830.0,0.07466243358783717
9831.0,0.04946175500518804
9832.0,0.024431913334465066
9833.0,0.025897159415817272
9834.0,0.04400825500488281
9835.0,0.03357232824199674
9836.0,0.013601195963554413
9837.0,0.034376966801948516
9838.0,0.01818686440818787
9839.0,0.017911194998359692
9840.0,0.05585388405025479
9841.0,0.05852540893257141
9842.0,0.04287181794643399
9843.0,0.017384436121253927
9844.0,0.017097201338081347
9845.0,0.02460341079864506
9846.0,0.02222438080940245
9847.0,0.028333974035911563
9848.0,0.017336487013435375
9849.0,0.007984947552947985
9850.0,0.0016286408993911594
9851.0,0.01712521552112578
9852.0,0.02801021575000759
9853.0,0.05984772458904267
9854.0,0.06656621320877076
9855.0,0.07218342660930635
9856.0,0.07412366927597047
9857.0,0.08768491088417052
9858.0,0.09168855770263673
9859.0,0.0825219573103714
9860.0,0.050937232526474
9861.0,0.00027343706455229544
9862.0,0.04639653937187194
9863.0,0.08880780712928771
9864.0,0.12016339675750731
9865.0,0.13570757285919188
9866.0,0.1533323043492127
9867.0,0.15994783953063965
9868.0,0.16159934088356018
9869.0,0.13502925634384155
9870.0,0.1202777624130249
9871.0,0.10157429889076233
9872.0,0.1181643037474823
9873.0,0.1442437654826355
9874.0,0.18357007129821779
9875.0,0.22710682376060493
9876.0,0.2860819584223938
9877.0,0.40536124645736693
9878.0,0.5601116199104309
9879.0,0.6805575007107544
9880.0,0.755103669682312
9881.0,0.772907430236206
9882.0,0.778406971995697
9883.0,0.7770230989845276
9884.0,0.7799134907080079
9885.0,0.752733093065918
9886.0,0.7046120579668884
9887.0,0.6269480912364197
9888.0,0.5579513637698365
9889.0,0.4933083710028076
9890.0,0.4400637312966919
9891.0,0.39518308156636045
9892.0,0.32457666240516664
9893.0,0.24448305368423462
9894.0,0.16264719336761474
9895.0,0.0961659841123581
9896.0,0.063384499540596
9897.0,0.028723374765777576
9898.0,0.027287054667205823
9899.0,0.09833194164104464
9900.0,0.11441393347911832
9901.0,0.11138205078907015
9902.0,0.08982029557228088
9903.0,0.06753818332221984
9904.0,0.08114309533271791
9905.0,0.1042918711900711
9906.0,0.1196301756776047
9907.0,0.14430694130725863
9908.0,0.12354534864425659
9909.0,0.1369186519063187
9910.0,0.13900248244173052
9911.0,0.13938581481344225
9912.0,0.16536368580989835
9913.0,0.16428665968112943
9914.0,0.14544248146713257
9915.0,0.13521918937332156
9916.0,0.1336653558886719
9917.0,0.14978094247646334
9918.0,0.14793042687244418
9919.0,0.1458810701734543
9920.0,0.12653686389095306
9921.0,0.1081039430224228
9922.0,0.11765655875205994
9923.0,0.1197701245546341
9924.0,0.13127754911548617
9925.0,0.15185046789712908
9926.0,0.15406686661310198
9927.0,0.1557498782641411
9928.0,0.14841629130542755
9929.0,0.1592284351355553
9930.0,0.17934931503831864
9931.0,0.18122400777637482
9932.0,0.1732272073858261
9933.0,0.14673321977025988
9934.0,0.16434509155817034
9935.0,0.1730632126563072
9936.0,0.19110580995910642
9937.0,0.21029854848749163
9938.0,0.24009200336866376
9939.0,0.2355775892502785
9940.0,0.17016591442525864
9941.0,0.12368214488956454
9942.0,0.1486671484890938
9943.0,0.16399318441980362
9944.0,0.1777285635471344
9945.0,0.1899063317454529
9946.0,0.2554992912686539
9947.0,0.33846524206466677
9948.0,0.4019245303935528
9949.0,0.41880445616542816
9950.0,0.4169795929104042
9951.0,0.4068162679903984
9952.0,0.4157976700574112
9953.0,0.44412479107246394
9954.0,0.5006019473075867
9955.0,0.5487546219140244
9956.0,0.5973613919572639
9957.0,0.6195004774838638
9958.0,0.6508782275484561
9959.0,0.7097513750195503
9960.0,0.7779943086206913
9961.0,0.8188950041426611
9962.0,0.8226793328417731
9963.0,0.7705000645130825
9964.0,0.7074027514666271
9965.0,0.6876290725426483
9966.0,0.6763599248021889
9967.0,0.6388250055372667
9968.0,0.5747254534274292
9969.0,0.4925145791725921
9970.0,0.4280493169791222
9971.0,0.3904665792011547
9972.0,0.361337589449358
9973.0,0.304168210946846
9974.0,0.24462905215322495
9975.0,0.19264492392539978
9976.0,0.16795243992242814
9977.0,0.154089544108181
9978.0,0.15888730360898973
9979.0,0.17275875806808472
9980.0,0.15027636958990098
9981.0,0.1275841108057213
9982.0,0.09634000062942503
9983.0,0.09302687644958496
9984.0,0.09069041162729263
9985.0,0.0888906866312027
9986.0,0.07784323111408234
9987.0,0.05703858672645566
9988.0,0.04515036554071428
9988.0,0.04515036554071428
9989.0,0.060943446296787274
9990.0,0.09494344965782166
9991.0,0.10164172560903549
9992.0,0.09743882329198836
9993.0,0.0733908964670372
9994.0,0.06539364441997528
9995.0,0.057305309025115936
9996.0,0.059389353555107105
9997.0,0.05447089747753145
9998.0,0.04226786181098938
9999.0,0.013888656336402905