time,resp_modelo
9332,-0.18784962594509125
9333,-0.18784962594509125
9334.0,-0.19424109160900116
9335.0,-0.19314706325531006
9336.0,-0.18872258067131042
9337.0,-0.1829138547182083
9338.0,-0.17687995731830597
9339.0,-0.17175275087356567
9340.0,-0.1680920124053955
9341.0,-0.166014164686203
9342.0,-0.16597290337085724
9343.0,-0.16808226704597473
9344.0,-0.1718820035457611
9345.0,-0.17546242475509644
9346.0,-0.17821085453033447
9347.0,-0.17926715314388275
9348.0,-0.17863912880420685
9349.0,-0.1773594617843628
9350.0,-0.17589543759822845
9351.0,-0.17415477335453033
9352.0,-0.17171181738376617
9353.0,-0.16874459385871887
9354.0,-0.16557815670967102
9355.0,-0.16269539296627045
9356.0,-0.1609206348657608
9357.0,-0.16040655970573425
9358.0,-0.16056880354881287
9359.0,-0.1620635986328125
9360.0,-0.16485846042633057
9361.0,-0.1685619056224823
9362.0,-0.1722932755947113
9363.0,-0.17397698760032654
9364.0,-0.17324811220169067
9365.0,-0.17029829323291779
9366.0,-0.16654470562934875
9367.0,-0.1631058305501938
9368.0,-0.1614047884941101
9369.0,-0.16027233004570007
9370.0,-0.15854820609092712
9371.0,-0.15548491477966309
9372.0,-0.15190748870372772
9373.0,-0.1484777331352234
9375.0,-0.14630542695522308
9376.0,-0.14717483520507812
9377.0,-0.14825022220611572
9378.0,-0.14934302866458893
9380.0,-0.15459811687469482
9379.0,-0.15143221616744995
9381.0,-0.15753184258937836
9382.0,-0.15958048403263092
9383.0,-0.16107165813446045
9384.0,-0.16225974261760712
9385.0,-0.16309905052185059
9386.0,-0.1625836342573166
9387.0,-0.15976324677467346
9388.0,-0.1554374247789383
9389.0,-0.15067900717258453
9390.0,-0.1467953473329544
9391.0,-0.1439066082239151
9392.0,-0.14160729944705963
9393.0,-0.13822084665298462
9394.0,-0.13283710181713104
9395.0,-0.12564730644226074
9396.0,-0.11709803342819214
9397.0,-0.10796371102333069
9398.0,-0.09840824455022812
9399.0,-0.08791626989841461
9400.0,-0.0762927308678627
9401.0,-0.06402308493852615
9402.0,-0.05205217003822327
9403.0,-0.04122840240597725
9404.0,-0.03199521824717522
9405.0,-0.023792214691638947
9406.0,-0.016138846054673195
9407.0,-0.008887158706784248
9408.0,-0.002757770475000143
9409.0,0.0016620679525658488
9411.0,0.004662217106670141
9412.0,0.00199535652063787
9413.0,-0.005318415351212025
9414.0,-0.017973879352211952
9415.0,-0.036357756704092026
9416.0,-0.05963541567325592
9417.0,-0.08470533043146133
9418.0,-0.10788271576166153
9419.0,-0.12683242559432983
9420.0,-0.1421060711145401
9421.0,-0.15538600087165833
9422.0,-0.167997345328331
9423.0,-0.17766831815242767
9424.0,-0.18258443474769592
9425.0,-0.18413205444812775
9426.0,-0.1864273101091385
9427.0,-0.1916075199842453
9428.0,-0.1994369626045227
9429.0,-0.20731890201568604
9430.0,-0.2132435292005539
9431.0,-0.21653836965560913
9432.0,-0.2174406498670578
9433.0,-0.21686914563179016
9434.0,-0.21530233323574066
9435.0,-0.2131182998418808
9436.0,-0.20984232425689697
9437.0,-0.2056981474161148
9438.0,-0.2011183798313141
9439.0,-0.1967390924692154
9440.0,-0.19385100901126862
9441.0,-0.191771000623703
9442.0,-0.190708190202713
9443.0,-0.19039875268936157
9444.0,-0.19101446866989136
9445.0,-0.19258932769298553
9446.0,-0.1949467808008194
9447.0,-0.197394460439682
9449.0,-0.20178064703941345
9450.0,-0.20353016257286072
9451.0,-0.2054288238286972
9452.0,-0.20746921002864838
9453.0,-0.2099829465150833
9454.0,-0.2126321643590927
9455.0,-0.2149280160665512
9456.0,-0.21600466966629028
9457.0,-0.21593813598155975
9458.0,-0.21427612006664276
9459.0,-0.21055735647678375
9460.0,-0.2043096423149109
9461.0,-0.19455976784229279
9462.0,-0.18179623782634735
9463.0,-0.16698402166366577
9464.0,-0.1519833654165268
9465.0,-0.1372057944536209
9466.0,-0.12440004199743271
9467.0,-0.11563771963119507
9468.0,-0.11482475697994232
9469.0,-0.12615399062633514
9470.0,-0.15218684077262878
9471.0,-0.19108934700489044
9472.0,-0.2375154197216034
9473.0,-0.28211480379104614
9474.0,-0.31630653142929077
9475.0,-0.3342103958129883
9476.0,-0.3343484103679657
9477.0,-0.3199302852153778
9478.0,-0.296522855758667
9479.0,-0.26966822147369385
9480.0,-0.24410472810268402
9481.0,-0.2233997881412506
9482.0,-0.21312928199768066
9483.0,-0.21825823187828064
9484.0,-0.2475283294916153
9485.0,-0.3154798746109009
9486.0,-0.43413442373275757
9487.0,-0.5865480899810791
9488.0,-0.7216178178787231
9489.0,-0.8071056604385376
9490.0,-0.8494588136672974
9491.0,-0.8641304969787598
9493.0,-0.8422296643257141
9494.0,-0.8112965822219849
9495.0,-0.7674219012260437
9496.0,-0.710664689540863
9497.0,-0.6423105597496033
9498.0,-0.566508412361145
9499.0,-0.48985350131988525
9500.0,-0.41978487372398376
9501.0,-0.359805703163147
9502.0,-0.3096189498901367
9503.0,-0.26742810010910034
9504.0,-0.23250631988048553
9505.0,-0.20620742440223694
9506.0,-0.18844455480575562
9507.0,-0.17800383269786835
9508.0,-0.1714019477367401
9509.0,-0.16589011251926422
9510.0,-0.1604393869638443
9511.0,-0.15535558760166168
9512.0,-0.15068373084068298
9513.0,-0.1456378847360611
9514.0,-0.1400265395641327
9515.0,-0.13396614789962769
9516.0,-0.1284140944480896
9517.0,-0.12377405166625977
9519.0,-0.11707111448049545
9520.0,-0.11526317894458771
9521.0,-0.11426622420549393
9522.0,-0.11488665640354156
9523.0,-0.11744201928377151
9524.0,-0.12095865607261658
9525.0,-0.12367863953113556
9526.0,-0.12505964934825897
9527.0,-0.12455807626247406
9528.0,-0.12285459786653519
9529.0,-0.12116791307926178
9530.0,-0.12040989845991135
9531.0,-0.12026577442884445
9532.0,-0.11950968205928802
9533.0,-0.1171991154551506
9534.0,-0.11352328211069107
9535.0,-0.10925983637571335
9536.0,-0.10518086701631546
9537.0,-0.1016245111823082
9538.0,-0.09877253323793411
9538.0,-0.09877253323793411
9539.0,-0.09624428302049637
9540.0,-0.09454593807458878
9541.0,-0.09436837583780289
9542.0,-0.09568057954311371
9543.0,-0.09763771295547485
9544.0,-0.09982281923294067
9545.0,-0.10236571729183197
9546.0,-0.10467696189880371
9547.0,-0.10673315078020096
9548.0,-0.1079445630311966
9549.0,-0.10740282386541367
9550.0,-0.10471365600824356
9551.0,-0.09962451457977295
9552.0,-0.09310990571975708
9553.0,-0.08663716912269592
9554.0,-0.08119866997003555
9555.0,-0.07719866931438446
9556.0,-0.074455626308918
9557.0,-0.0723922848701477
9558.0,-0.07070370018482208
9559.0,-0.06906342506408691
9560.0,-0.0672498270869255
9561.0,-0.06543611735105515
9562.0,-0.0638345405459404
9563.0,-0.06266532093286514
9564.0,-0.06210119649767876
9565.0,-0.062176018953323364
9566.0,-0.06264523416757584
9567.0,-0.06265787035226822
9568.0,-0.06197962909936905
9569.0,-0.06028163060545921
9570.0,-0.057944681495428085
9571.0,-0.05516166612505913
9572.0,-0.052346616983413696
9573.0,-0.049423277378082275
9574.0,-0.04586112126708031
9575.0,-0.04178185388445854
9576.0,-0.03806605562567711
9577.0,-0.0355297289788723
9578.0,-0.03456425294280052
9579.0,-0.034415170550346375
9580.0,-0.03410688787698746
9581.0,-0.033388059586286545
9582.0,-0.03250550478696823
9583.0,-0.032104797661304474
9584.0,-0.032828766852617264
9585.0,-0.034225594252347946
9586.0,-0.03639204800128937
9587.0,-0.03938985988497734
9588.0,-0.0432526133954525
9589.0,-0.04806922376155853
9590.0,-0.05333488807082176
9591.0,-0.058051638305187225
9592.0,-0.06231437996029854
9593.0,-0.06562227010726929
9594.0,-0.06772224605083466
9595.0,-0.06909951567649841
9596.0,-0.06996779143810272
9597.0,-0.07049046456813812
9598.0,-0.07042638212442398
9599.0,-0.07041741162538528
9600.0,-0.07123968005180359
9601.0,-0.07373952120542526
9602.0,-0.07766894996166229
9603.0,-0.08193057775497437
9604.0,-0.08570491522550583
9605.0,-0.08956658840179443
9606.0,-0.0947505533695221
9607.0,-0.10165263712406158
9608.0,-0.10917084664106369
9609.0,-0.11599526554346085
9610.0,-0.12100238353013992
9611.0,-0.12418562918901443
9612.0,-0.12618348002433777
9613.0,-0.12766025960445404
9614.0,-0.12878063321113586
9615.0,-0.12926419079303741
9616.0,-0.1286982297897339
9617.0,-0.1276710480451584
9618.0,-0.12680034339427948
9619.0,-0.12635992467403412
9620.0,-0.12685075402259827
9621.0,-0.12807545065879822
9622.0,-0.1291094720363617
9623.0,-0.12997563183307648
9624.0,-0.1308925747871399
9625.0,-0.13269570469856262
9626.0,-0.1351151019334793
9627.0,-0.13736796379089355
9628.0,-0.13883540034294128
9629.0,-0.13961613178253174
9630.0,-0.1406150907278061
9631.0,-0.14205244183540344
9632.0,-0.14324118196964264
9633.0,-0.14385206997394562
9634.0,-0.14349251985549927
9635.0,-0.14140912890434265
9636.0,-0.1385864019393921
9637.0,-0.13670457899570465
9638.0,-0.13595327734947205
9639.0,-0.13618750870227814
9640.0,-0.1363888829946518
9641.0,-0.13612060248851776
9642.0,-0.13558171689510345
9643.0,-0.1352887898683548
9644.0,-0.13671369850635529
9645.0,-0.13927674293518066
9646.0,-0.14366066455841064
9647.0,-0.14888016879558563
9648.0,-0.15354113280773163
9649.0,-0.1572532057762146
9650.0,-0.16013166308403015
9651.0,-0.16244420409202576
9652.0,-0.16311103105545044
9653.0,-0.16141799092292786
9654.0,-0.15768325328826904
9655.0,-0.153455451130867
9656.0,-0.1500430703163147
9657.0,-0.14911624789237976
9658.0,-0.14987041056156158
9659.0,-0.15172789990901947
9660.0,-0.15395450592041016
9661.0,-0.1556491255760193
9662.0,-0.1574031412601471
9663.0,-0.16000215709209442
9664.0,-0.16303402185440063
9665.0,-0.16534259915351868
9666.0,-0.16700784862041473
9667.0,-0.16886675357818604
9668.0,-0.17220652103424072
9669.0,-0.17759966850280762
9670.0,-0.18505163490772247
9671.0,-0.19291667640209198
9672.0,-0.20012399554252625
9673.0,-0.20666958391666412
9674.0,-0.21261386573314667
9675.0,-0.2182822823524475
9676.0,-0.22284571826457977
9677.0,-0.22548438608646393
9678.0,-0.22530114650726318
9679.0,-0.22286422550678253
9680.0,-0.2190893441438675
9681.0,-0.21560534834861755
9682.0,-0.21186164021492004
9683.0,-0.20741236209869385
9684.0,-0.2016402930021286
9685.0,-0.1971375197172165
9686.0,-0.19557568430900574
9687.0,-0.19725088775157928
9688.0,-0.19977527856826782
9689.0,-0.20186586678028107
9690.0,-0.20333553850650787
9691.0,-0.20418186485767365
9692.0,-0.2049335539340973
9693.0,-0.2059350609779358
9694.0,-0.20682673156261444
9695.0,-0.2067834436893463
9696.0,-0.20530405640602112
9697.0,-0.20304599404335022
9698.0,-0.20061250030994415
9699.0,-0.19804686307907104
9700.0,-0.19505584239959717
9701.0,-0.1919957846403122
9702.0,-0.18936094641685486
9703.0,-0.18800272047519684
9704.0,-0.1878109723329544
9705.0,-0.1893271654844284
9706.0,-0.19187532365322113
9707.0,-0.19469615817070007
9708.0,-0.1971784234046936
9709.0,-0.19967730343341827
9710.0,-0.20209701359272003
9711.0,-0.20467451214790344
9712.0,-0.2072334885597229
9713.0,-0.20817646384239197
9714.0,-0.2070535123348236
9715.0,-0.20342789590358734
9716.0,-0.19847741723060608
9717.0,-0.19279086589813232
9718.0,-0.1861291080713272
9719.0,-0.17862345278263092
9720.0,-0.17142389714717865
9721.0,-0.16517433524131775
9722.0,-0.16015924513339996
9723.0,-0.15708526968955994
9724.0,-0.1564084142446518
9725.0,-0.15806183218955994
9727.0,-0.16290055215358734
9728.0,-0.1648131161928177
9729.0,-0.16635288298130035
9730.0,-0.16775187849998474
9731.0,-0.16852854192256927
9732.0,-0.16901537775993347
9733.0,-0.17047201097011566
9734.0,-0.17344538867473602
9735.0,-0.17789165675640106
9736.0,-0.18211475014686584
9737.0,-0.184670552611351
9738.0,-0.18548539280891418
9739.0,-0.18579328060150146
9740.0,-0.18534211814403534
9741.0,-0.1838592141866684
9742.0,-0.18106907606124878
9743.0,-0.17629539966583252
9744.0,-0.17069292068481445
9745.0,-0.16585367918014526
9746.0,-0.1623600423336029
9747.0,-0.16077648103237152
9748.0,-0.16005387902259827
9749.0,-0.15921108424663544
9750.0,-0.15777604281902313
9751.0,-0.15719397366046906
9752.0,-0.1585034728050232
9753.0,-0.1610797792673111
9754.0,-0.1640886664390564
9755.0,-0.16665206849575043
9756.0,-0.1681421995162964
9757.0,-0.1690172255039215
9758.0,-0.16978216171264648
9759.0,-0.17081789672374725
9760.0,-0.17171630263328552
9761.0,-0.17295405268669128
9762.0,-0.174499973654747
9763.0,-0.176300048828125
9764.0,-0.17828316986560822
9765.0,-0.18058843910694122
9766.0,-0.18236330151557922
9767.0,-0.18322180211544037
9768.0,-0.18261882662773132
9769.0,-0.18116459250450134
9770.0,-0.17949725687503815
9771.0,-0.17803955078125
9772.0,-0.17625729739665985
9773.0,-0.17382366955280304
9774.0,-0.1712825447320938
9775.0,-0.16840678453445435
9776.0,-0.16558554768562317
9777.0,-0.16350485384464264
9778.0,-0.16211949288845062
9779.0,-0.16077038645744324
9780.0,-0.15875639021396637
9781.0,-0.15549981594085693
9782.0,-0.1509190797805786
9783.0,-0.14507566392421722
9784.0,-0.13688744604587555
9785.0,-0.12596078217029572
9786.0,-0.11219241470098495
9787.0,-0.09700968116521835
9788.0,-0.08170345425605774
9789.0,-0.06776434928178787
9790.0,-0.055829890072345734
9791.0,-0.04631493613123894
9792.0,-0.03826453909277916
9793.0,-0.03099496103823185
9794.0,-0.02469169907271862
9795.0,-0.01939963363111019
9796.0,-0.014112363569438457
9797.0,-0.0084476163610816
9799.0,0.0011824376415461302
9800.0,0.0029754401184618473
9801.0,0.0012326864525675774
9802.0,-0.005074591375887394
9803.0,-0.016467727720737457
9804.0,-0.03363995999097824
9805.0,-0.056392602622509
9806.0,-0.08388872444629669
9807.0,-0.11331385374069214
9808.0,-0.14146187901496887
9809.0,-0.16508369147777557
9810.0,-0.18321409821510315
9811.0,-0.19573573768138885
9812.0,-0.2025998830795288
9813.0,-0.20501451194286346
9814.0,-0.2042650431394577
9815.0,-0.20134417712688446
9816.0,-0.1985214352607727
9817.0,-0.1974484622478485
9818.0,-0.19884078204631805
9819.0,-0.20227915048599243
9820.0,-0.20572403073310852
9821.0,-0.20822051167488098
9822.0,-0.20923630893230438
9823.0,-0.20987771451473236
9824.0,-0.21071191132068634
9825.0,-0.21206136047840118
9826.0,-0.21320408582687378
9827.0,-0.21389824151992798
9828.0,-0.21389473974704742
9829.0,-0.21272264420986176
9830.0,-0.21105186641216278
9831.0,-0.209466814994812
9832.0,-0.20771093666553497
9833.0,-0.20624569058418274
9834.0,-0.2059917449951172
9835.0,-0.20749910175800323
9836.0,-0.21002976596355438
9837.0,-0.21294839680194855
9838.0,-0.21461543440818787
9839.0,-0.21423165500164032
9840.0,-0.21200324594974518
9841.0,-0.2093317210674286
9842.0,-0.20712818205356598
9843.0,-0.20582984387874603
9844.0,-0.20611707866191864
9845.0,-0.20753943920135498
9846.0,-0.20991846919059753
9847.0,-0.21273745596408844
9848.0,-0.21480636298656464
9849.0,-0.215229332447052
9850.0,-0.21265707910060883
9851.0,-0.2060890644788742
9852.0,-0.19520406424999237
9853.0,-0.18122370541095734
9854.0,-0.16557663679122925
9855.0,-0.15103085339069366
9856.0,-0.14016205072402954
9857.0,-0.13552936911582947
9858.0,-0.14045429229736328
9859.0,-0.1585494726896286
9860.0,-0.190134197473526
9861.0,-0.2324162870645523
9862.0,-0.27853938937187195
9863.0,-0.3209506571292877
9864.0,-0.3523062467575073
9865.0,-0.3678504228591919
9866.0,-0.36761802434921265
9867.0,-0.35637640953063965
9868.0,-0.3401707708835602
9869.0,-0.32252925634384155
9870.0,-0.3077777624130249
9871.0,-0.29800286889076233
9872.0,-0.2967357337474823
9873.0,-0.3049580454826355
9874.0,-0.3264272212982178
9875.0,-0.36996397376060486
9876.0,-0.4467962384223938
9877.0,-0.5571469664573669
9878.0,-0.6761830449104309
9879.0,-0.7698432207107544
9880.0,-0.826532244682312
9881.0,-0.853264570236206
9882.0,-0.858764111995697
9883.0,-0.8484516739845276
9884.0,-0.8245563507080078
9885.0,-0.788447380065918
9886.0,-0.7403263449668884
9887.0,-0.6805195212364197
9888.0,-0.6115227937698364
9889.0,-0.5379512310028076
9890.0,-0.4668494462966919
9891.0,-0.4041116535663605
9892.0,-0.3513623774051666
9893.0,-0.3069830536842346
9894.0,-0.26979005336761475
9895.0,-0.2390231341123581
9896.0,-0.215170219540596
9897.0,-0.1983662247657776
9898.0,-0.1869986653327942
9899.0,-0.17845375835895538
9900.0,-0.17130036652088165
9901.0,-0.16540364921092987
9902.0,-0.16017970442771912
9903.0,-0.15567609667778015
9904.0,-0.1509997546672821
9905.0,-0.1457081288099289
9906.0,-0.13929839432239532
9907.0,-0.1324787586927414
9908.0,-0.1264546513557434
9909.0,-0.12200991809368134
9910.0,-0.1199260875582695
9911.0,-0.11954275518655777
9912.0,-0.12035061419010162
9913.0,-0.12142764031887054
9914.0,-0.12241464853286743
9915.0,-0.12370938062667847
9916.0,-0.12526321411132812
9917.0,-0.12700475752353668
9918.0,-0.12885527312755585
9919.0,-0.13090462982654572
9920.0,-0.13239170610904694
9921.0,-0.1329674869775772
9922.0,-0.13234344124794006
9923.0,-0.1302298754453659
9924.0,-0.12765102088451385
9925.0,-0.12493523210287094
9926.0,-0.12271883338689804
9927.0,-0.12103582173585892
9928.0,-0.11944083869457245
9929.0,-0.11755726486444473
9930.0,-0.11529355496168137
9931.0,-0.11341886222362518
9932.0,-0.11248709261417389
9933.0,-0.11219535022974014
9934.0,-0.11244060844182968
9935.0,-0.11265108734369278
9936.0,-0.11246562004089355
9937.0,-0.11113002151250839
9938.0,-0.10812229663133621
9939.0,-0.10370811074972153
9940.0,-0.09769121557474136
9941.0,-0.09060357511043549
9942.0,-0.08347570151090622
9943.0,-0.07707824558019638
9944.0,-0.0722714364528656
9945.0,-0.06902223825454712
9946.0,-0.06592927873134613
9947.0,-0.06332045793533325
9948.0,-0.06236116960644722
9949.0,-0.06333841383457184
9950.0,-0.0651632770895958
9951.0,-0.06639803200960159
9952.0,-0.0663451999425888
9953.0,-0.06480380892753601
9954.0,-0.06189805269241333
9955.0,-0.05838824808597565
9956.0,-0.05442433804273605
9957.0,-0.05014239251613617
9958.0,-0.04555037245154381
9959.0,-0.040248624980449677
9960.0,-0.0345056913793087
9961.0,-0.029319265857338905
9962.0,-0.025534937158226967
9963.0,-0.024142805486917496
9964.0,-0.02474011853337288
9965.0,-0.026656657457351685
9966.0,-0.028997205197811127
9967.0,-0.03081786446273327
9968.0,-0.0324174165725708
9969.0,-0.03427115082740784
9970.0,-0.03623638302087784
9971.0,-0.03810485079884529
9972.0,-0.040448110550642014
9973.0,-0.04404608905315399
9974.0,-0.050013817846775055
9975.0,-0.05735507607460022
9976.0,-0.06419041007757187
9977.0,-0.069124735891819
9978.0,-0.07325554639101028
9979.0,-0.07724124193191528
9980.0,-0.08186648041009903
9981.0,-0.08670160919427872
9982.0,-0.09115999937057495
9983.0,-0.09447312355041504
9984.0,-0.09680958837270737
9985.0,-0.0986093133687973
9986.0,-0.10072819888591766
9987.0,-0.10367569327354431
9988.0,-0.10663535445928574
9989.0,-0.10869940370321274
9989.0,-0.10869940370321274
9990.0,-0.11041370034217834
9991.0,-0.11264399439096451
9992.0,-0.11684689670801163
9993.0,-0.1230376735329628
9994.0,-0.13103492558002472
9995.0,-0.13912326097488403
9996.0,-0.14596779644489288
9997.0,-0.15088625252246857
9998.0,-0.15416070818901062
9999.0,-0.1557541936635971
10000.0,-0.1557176113128662